$ 1 0.000015625 2.803162489452614 61 5 43 5e-11
f 240 272 240 224 41 1.5 0.02
f 160 320 208 320 33 1.5 0.02
w 208 256 208 224 0
w 240 336 240 272 0
g 272 496 272 512 0 0
34 zener-9.1 1 1.7143528192810002e-7 0 2.0000000000000084 9.1 1
z 144 448 144 368 2 zener-9.1
r 144 304 144 224 0 100000
w 144 224 208 224 0
w 144 496 240 496 0
v 16 416 16 224 0 0 40 9 0 0 0.5
w 16 496 48 496 0
w 16 224 48 224 0
368 384 224 448 224 0 0
r 384 224 384 320 0 100000
f 96 272 96 224 33 1.5 0.02
r 96 336 96 416 0 100000
w 320 224 384 224 0
403 384 128 544 208 0 16_64_0_4099_10_0.00009765625_-1_2_16_3
w 16 416 16 496 0
r 240 336 240 400 0 10000
w 240 464 240 496 0
w 208 224 224 224 0
w 48 496 96 496 0
w 96 496 144 496 0
w 96 416 96 496 0
w 96 336 96 272 0
w 48 224 80 224 0
w 112 224 144 224 0
w 272 496 240 496 0
w 144 448 144 496 0
w 144 304 144 320 0
w 144 320 160 320 0
w 144 320 144 368 0
w 208 256 208 304 0
w 208 336 240 336 0
162 240 400 240 464 2 default-led 1 0 0 0.01
162 320 400 320 464 2 default-led 0 1 0 0.01
r 320 336 320 400 0 10000
w 320 224 320 336 0
w 320 464 320 496 0
w 320 496 384 496 0
s 256 224 320 224 0 0 false
w 320 496 272 496 0
r 384 400 384 496 0 100000
w 384 320 384 352 0
w 384 352 384 400 0
368 384 352 448 352 0 0
x 24 578 361 581 4 24 TODO:\sAdd\scoupling\scapacitors
x -116 176 330 179 4 24 Polarity\sand\sover-voltage\sprotection\scircuit
38 9 F1 0 9 20 -1 Voltage
